0.667082
-0.328651
-0.0837483
0.0837483
-0.0728605
0
0.125658
-0.0837723
-0.042203
0.125658
-0.272069
0.170425
0.0422031
-0.0837723
0.157365
-0.0976068
0.594221
-0.286765
-0.0727938
0.0727938
-0.153287
0
0.268077
-0.178718
0.0412388
0.196034
-0.609225
0.390122
0.000964284
-0.130689
0.357175
-0.227432
0.483137
-0.22142
-0.0567661
0.0567662
-0.0950834
0
0.169615
-0.113077
0.0657738
0.0947343
-0.374536
0.242222
-0.0226064
-0.0631562
0.212391
-0.136614
0.431221
-0.189842
-0.0492972
0.0492972
-0.0716687
0
0.131917
-0.0879446
0.0226377
0.0948962
-0.302005
0.193937
-0.00207683
-0.0632641
0.177486
-0.113392
0.380114
-0.15821
-0.041898
0.0418981
-0.0611692
0
0.11319
-0.07546
0.0267371
0.0786619
-0.269698
0.17363
-0.00825295
-0.0524412
0.162677
-0.104339
0.337429
-0.131989
-0.0357295
0.0357295
-0.0324538
0
0.0618242
-0.0412161
0.0128375
0.0449865
-0.138753
0.0879661
-0.00260624
-0.029991
0.081465
-0.051286
0.315206
-0.116994
-0.0311934
0.0311935
-0.0437929
0
0.0861387
-0.0574258
0.00302694
0.0698651
-0.194432
0.122972
0.00459806
-0.0465767
0.114942
-0.0721953
0.279038
-0.0937052
-0.0245447
0.0245447
-0.0478898
0
0.0842007
-0.0561338
0.0185269
0.056436
-0.204188
0.131749
-0.00630386
-0.037624
0.124363
-0.0799914
0.243371
-0.0748932
-0.0201686
0.0201686
-0.0148738
0
0.0244574
-0.0163049
0.00978312
0.0169363
-0.0597884
0.0382588
-0.00386399
-0.0112908
0.0369311
-0.023554
0.234417
-0.0692478
-0.0185685
0.0185685
-0.00689944
0
0.0156738
-0.0104492
0.00389742
0.0144114
-0.0376421
0.0234813
-0.00184223
-0.00960761
0.0235818
-0.0146455
0.229572
-0.064444
-0.016955
0.016955
-0.00926257
0
0.0222698
-0.0148465
-0.00114565
0.0189933
-0.0557727
0.0354868
0.00135866
-0.0126622
0.0351981
-0.0223353
0.220523
-0.0581129
-0.0152599
0.0152599
-0.00747799
0
0.0163184
-0.010879
0.00227839
0.0136436
-0.0410949
0.0261917
-0.000706807
-0.00909576
0.0259812
-0.0165176
0.214616
-0.053565
-0.0140551
0.0140551
-0.00504156
0
0.0120725
-0.00804833
0.00116344
0.0105013
-0.0308959
0.0196795
-0.000298642
-0.00700089
0.0197412
-0.012549
0.21044
-0.0500646
-0.0131373
0.0131373
-0.00361058
0
0.00950421
-0.00633614
0.00113235
0.00850707
-0.0252918
0.0161201
-0.00056617
-0.00567138
0.0165289
-0.0105251
0.338431
-0.244902
0.0556085
0.0281398
-0.0309744
0
0.0599311
-0.0399541
-0.0181887
0.0927948
-0.164126
0.0824303
0.0181887
-0.0618632
0.0983179
-0.047554
0.307457
-0.213971
0.0497317
0.0230621
-0.0639282
0.0668739
-0.00905004
-0.0134351
0.0181703
-0.0163908
0.005704
0.000973757
1.84588e-05
-0.00116602
-0.00163721
0.00141704
0.261717
-0.164654
0.0447484
0.0120178
-0.0385452
0.042832
-0.00357521
-0.0101311
0.0281936
-0.0280494
0.00433675
0.00519408
-0.00998643
0.00932655
-0.00190711
-0.00138635
0.241379
-0.140545
0.0436027
0.00569446
-0.0276964
0.0336293
-0.00142442
-0.00891858
0.00946681
-0.0099631
0.000927246
0.0022808
-0.001246
0.000566781
-0.000404693
0.000140673
0.221904
-0.116312
0.0427008
-0.000802685
-0.0234392
0.0288815
-0.00147034
-0.00737816
0.00933082
-0.0128628
0.00120166
0.00334164
-0.00235611
0.00403326
-0.00108405
-0.00077963
0.205439
-0.0962596
0.0413483
-0.00561873
-0.0118458
0.0152557
-0.00231877
-0.00303356
0.00703693
-0.00590782
-0.00323121
0.00312394
-0.00241824
0.00111156
0.00226503
-0.00134144
0.198212
-0.0858001
0.0380633
-0.00686981
-0.01508
0.0203243
-0.00595851
-0.00243007
0.00143273
-0.00108826
0.000651355
-0.000145348
0.000767711
-0.00259644
0.000647522
0.000586459
0.185333
-0.0691605
0.0334035
-0.00885882
-0.0198229
0.020717
-0.00542692
-0.001923
0.00252411
-0.0104472
0.00380607
0.00174946
0.000443995
0.00416609
-0.00185981
-0.00072197
0.168478
-0.0547247
0.0299229
-0.00975431
-0.00672133
0.00616039
-0.00169711
-0.000294976
0.00518989
-0.00380258
0.000195793
0.000594833
-0.00177775
0.00168753
-0.000109408
-0.000289317
0.165169
-0.0506793
0.0283122
-0.00974374
-0.00167482
0.00361784
-0.00163357
2.67945e-05
0.00414798
-0.000273458
-0.000507537
-1.64104e-05
-0.00251359
-0.000154048
0.000484666
3.26654e-05
0.165128
-0.047489
0.0266557
-0.00970072
-0.00183931
0.00521754
-0.00238956
0.00018384
-0.00243846
-0.000516675
0.000707423
6.85328e-05
0.00155923
-6.4902e-05
-0.000245819
-1.97197e-05
0.16241
-0.042853
0.0247279
-0.00946799
-0.00203851
0.00398951
-0.00171187
0.000261902
0.00101895
-0.000912748
0.000293713
5.31485e-05
-0.000338919
0.000266291
-7.76181e-05
-2.38812e-05
0.161051
-0.03951
0.023232
-0.00917692
-0.0010174
0.00296287
-0.00135765
0.000296361
0.000448398
-0.00051624
0.000184164
1.45468e-05
-0.000107303
0.000136066
-4.60161e-05
-9.28587e-06
0.160375
-0.0369273
0.0220126
-0.00887526
-0.000442512
0.00233859
-0.00112713
0.000297657
0.000467569
-0.000488214
0.000184641
-8.02521e-06
-0.000233792
0.000244107
-9.22966e-05
3.99601e-06
0.177277
-0.0394128
0.237113
-0.125224
-0.0109974
0
-0.0386297
0.0257531
-0.00708947
0.00946729
-0.0113164
-0.00519833
0.00708947
-0.00631153
0.0145919
-0.00123281
0.16628
-0.036257
0.201758
-0.105902
-0.0195394
0.00677492
-0.0795075
0.0435874
0.00845727
-0.00164924
0.01667
-0.00901848
-0.00136778
-0.00015153
0.00278285
-0.00158605
0.15383
-0.0312828
0.141703
-0.0729195
-0.00941954
0.00423057
-0.0529466
0.0291091
0.00967498
-0.00303501
0.0324709
-0.0177461
-0.00395329
0.0010827
-0.0102352
0.00555543
0.150132
-0.0290046
0.110993
-0.056001
-0.00441014
0.00321979
-0.0427664
0.0235048
0.0027117
-0.00101307
0.0122247
-0.00673594
-0.000943293
0.000143462
-0.000224163
0.000100776
0.14749
-0.0266544
0.0802267
-0.0391313
-0.00340617
0.00304508
-0.0356053
0.0193786
0.00101152
-0.000347345
0.0180673
-0.0101822
-0.000186411
-0.000378797
-0.006291
0.00364777
0.144909
-0.0243355
0.0563978
-0.0262871
-0.00194236
0.00121399
-0.0183435
0.00995763
0.00102185
-0.00239871
0.00588902
-0.00287228
-0.000383131
0.00129378
-0.000403565
-1.4266e-05
0.143606
-0.0242264
0.0435397
-0.019216
-0.00314426
0.000893687
-0.023329
0.0125104
0.00085037
-0.000177439
0.00111731
-0.000756748
-0.000594815
0.000366277
0.00396452
-0.0021442
0.140717
-0.0231439
0.0252925
-0.00960655
-0.00645588
0.00327529
-0.0184018
0.00912884
-0.00236759
0.00193065
0.0168746
-0.00956962
0.00202833
-0.00137552
-0.00782828
0.00452454
0.133922
-0.0193135
0.015937
-0.00552279
-0.00255302
0.001505
-0.00406866
0.00178161
0.00217802
-0.00130108
0.0024288
-0.00104326
-0.000488905
0.00048067
-0.00121072
0.00052271
0.133058
-0.0186289
0.0130865
-0.00426173
0.000336237
0.000344863
-0.00284322
0.00126323
0.0033505
-0.00107032
-0.00115045
0.000609968
-0.00215034
0.000730582
0.00115777
-0.000607829
0.134594
-0.0186237
0.0102506
-0.00299633
0.0011725
0.000791943
-0.00334137
0.00131949
-0.002179
0.000883306
0.0018623
-0.00101746
0.00122885
-0.000492462
-0.000696987
0.000411884
0.134817
-0.017441
0.00807438
-0.0022825
0.000501029
0.00108117
-0.00170812
0.000520052
0.000452884
-0.000132989
0.000709619
-0.000309996
-0.000174224
3.13765e-05
-0.000241701
0.000116119
0.135596
-0.0164614
0.00683439
-0.00195622
0.000884183
0.000909322
-0.00101355
0.000248623
0.000130989
-8.323e-05
0.000337326
-0.000123778
-2.65092e-05
1.29907e-05
-0.000110678
4.61662e-05
0.136585
-0.0156223
0.00604731
-0.00178525
0.0010666
0.000781836
-0.000671299
0.000139478
0.000155911
-0.000114496
0.000231409
-6.29788e-05
-7.79554e-05
5.72477e-05
-0.000115764
3.14892e-05
0.249753
0.0591392
-0.0189302
0.00559395
-0.0238739
0
-0.0188916
0.0125944
-0.014137
-0.0287607
0.0621775
-0.036952
0.014137
0.0191738
-0.0379167
0.022278
0.225879
0.0495523
-0.0135608
0.00351433
-0.0486846
-0.021478
0.0126137
-0.00494649
0.0144595
0.00463524
-0.00214025
0.000773245
-0.000322493
0.000656053
-0.000706312
0.000317057
0.191331
0.0333656
-0.00379369
-0.00034184
-0.0290264
-0.0143351
0.00869994
-0.00342824
0.0213648
0.00866871
-0.00496385
0.00194282
-0.00755034
-0.00272138
0.00141104
-0.000535331
0.176119
0.0249778
0.00135332
-0.00236265
-0.0204519
-0.0117985
0.00686888
-0.00262562
0.00718738
0.0032285
-0.00211412
0.000867
-0.000923218
-2.53925e-06
-2.77176e-05
5.10411e-06
0.161931
0.0164052
0.0060803
-0.00411616
-0.0165878
-0.0100296
0.00479504
-0.00164308
0.00854936
0.00524082
-0.00392858
0.0016314
-0.0032084
-0.0020174
0.00175879
-0.000754329
0.150685
0.00959901
0.00870576
-0.00488204
-0.00911427
-0.00560018
0.00221473
-0.000643001
0.00163978
0.000762289
0.000391759
-0.000247455
0.000492759
0.000443732
-0.000802487
0.000370329
0.143703
0.00520485
0.0105098
-0.00540217
-0.0130692
-0.00823321
0.00177252
-8.07755e-05
0.00103348
-0.000213083
-0.00106434
0.000668114
0.00159184
0.00186284
-0.0001489
-0.000174879
0.133259
-0.00137861
0.0110691
-0.00498974
-0.0124535
-0.00614173
-0.00160559
0.00146149
0.00686807
0.00697105
-0.00309101
0.000826438
-0.00265094
-0.00345846
0.00172893
-0.000508151
0.125023
-0.00400775
0.0081014
-0.00320992
-0.00333507
-0.0012875
-0.00130044
0.00079499
0.00226249
0.000426766
0.000788066
-0.000445772
-0.000696242
-0.000372633
-0.000421234
0.000255997
0.123254
-0.00524112
0.00716776
-0.00260477
-0.000898883
-0.00155187
-0.000988068
0.000671319
0.00173976
-0.0015412
-0.000281085
0.000350771
-0.000869786
0.0012227
0.000226752
-0.000284624
0.123225
-0.00711149
0.00612524
-0.00186729
-5.7439e-05
-0.00193234
-0.00174044
0.00103804
-0.000451035
0.00155517
9.29371e-05
-0.000265956
0.000451194
-0.000650971
7.91904e-05
4.74364e-05
0.123168
-0.00813963
0.00455714
-0.0010477
0.000394132
-0.000774916
-0.00131658
0.000648561
0.000719726
0.000356678
0.00032054
-0.000230496
-0.000268321
-0.000103451
-6.88265e-05
5.9517e-05
0.124013
-0.00866132
0.00349209
-0.000570164
0.00102858
-0.000371914
-0.000882337
0.000366031
0.000261132
0.000219738
0.000249336
-0.000159904
-7.80784e-05
-6.99628e-05
-6.6792e-05
4.83835e-05
0.125225
-0.00888346
0.00279245
-0.000315639
0.00131662
-0.000142327
-0.000583743
0.000191401
0.000209965
0.000159625
0.000231855
-0.000126231
-0.000104982
-7.98125e-05
-0.000115894
6.31231e-05
0.295556
0.0475759
-0.0154845
0.00774227
-0.0301711
0
-0.0154466
0.0102977
-0.017672
-0.0190768
0.0448387
-0.0286822
0.017672
0.0127179
-0.0269718
0.0171746
0.265384
0.0412169
-0.0130645
0.00653221
-0.0624954
-0.0138626
0.00544146
-0.00272073
0.0177277
0.00334307
-0.00118739
0.000593698
-5.56782e-05
0.000243343
-0.000144411
7.21179e-05
0.220561
0.0309408
-0.00895478
0.00447739
-0.0380898
-0.00902494
0.00368695
-0.00184348
0.0270124
0.00571144
-0.002157
0.00107837
-0.00939604
-0.00188169
0.000680661
-0.00034036
0.200088
0.0257456
-0.00674392
0.00337197
-0.0280072
-0.00742198
0.00323531
-0.00161765
0.00916869
0.0020014
-0.00076043
0.000380138
-0.00094837
-5.3332e-05
-3.50866e-05
1.75117e-05
0.180301
0.0202717
-0.00430398
0.00215201
-0.0234654
-0.00671095
0.00301779
-0.00150889
0.0114932
0.00284792
-0.00133097
0.000665564
-0.00422121
-0.000953185
0.000500618
-0.000250265
0.164107
0.0154555
-0.00211666
0.00105833
-0.0131427
-0.00387466
0.00185745
-0.000928725
0.0025464
0.00100437
-0.000206166
0.000103191
0.000504334
-6.28158e-05
-0.000123599
6.18268e-05
0.154015
0.0125224
-0.000589122
0.000294561
-0.0196107
-0.00616313
0.00322193
-0.00161097
0.000424217
-0.000421663
0.000543774
-0.00027195
0.00313086
0.0013004
-0.000997434
0.000498695
0.13796
0.00723797
0.00217926
-0.00108962
-0.0187393
-0.00621053
0.0026348
-0.0013174
0.0115745
0.00408539
-0.00287633
0.0014382
-0.00488859
-0.00190626
0.00142535
-0.000712651
0.125906
0.00320656
0.00336306
-0.00168154
-0.00512803
-0.00187927
0.00057908
-0.00028954
0.00303152
0.000831903
-0.000207045
0.000103538
-0.00123417
-0.000559033
0.000181404
-9.07022e-05
0.122576
0.00160017
0.00391647
-0.00195824
-0.0027675
-0.00189256
0.000709142
-0.000354571
0.000268131
-0.00131411
0.00084068
-0.000420377
0.000295054
0.00102795
-0.000684991
0.000342481
0.120371
-0.00057855
0.00478136
-0.00239068
-0.00269218
-0.00287387
0.000671293
-0.000335647
0.000931323
0.00117949
-0.000877381
0.000438754
-7.30902e-05
-0.000437699
0.000348263
-0.000174125
0.118537
-0.00271063
0.00492342
-0.00246171
-0.0010488
-0.00182799
-3.89162e-05
1.94581e-05
0.00116627
0.00038239
-0.000281454
0.000140653
-0.000381127
-7.83034e-05
0.000100325
-5.01624e-05
0.118274
-0.00423453
0.00470352
-0.00235176
0.000140354
-0.00129812
-0.000300552
0.000150276
0.00057045
0.000298739
-0.000140535
7.03307e-05
-0.000166435
-7.29574e-05
5.99944e-05
-2.99898e-05
0.118818
-0.00530687
0.00432231
-0.00216116
0.00078195
-0.000919511
-0.000401881
0.000200941
0.000475153
0.000305654
-4.13838e-05
2.06174e-05
-0.00023758
-0.000152826
2.06158e-05
-1.03377e-05
